0 536 0 164 
1 0 536 164 
2 0 164 536 
3 536 164 0 
4 536 164 0 
5 536 0 164 
6 164 536 0 
7 0 536 164 
8 0 164 536 
9 0 164 536 
10 164 536 0 
11 536 0 164 
12 536 0 164 
13 536 0 164 
14 0 164 536 
15 164 536 0 
16 164 536 0 
17 164 536 0 
18 0 164 536 
19 164 0 536 
20 164 536 0 
21 164 0 536 
22 0 0 700 
23 0 536 164 
24 164 0 536 
25 536 164 0 
26 536 0 164 
27 536 164 0 
28 164 536 0 
29 0 164 536 
30 0 536 164 
31 0 536 164 
32 536 0 164 
33 0 536 164 
34 164 536 0 
35 164 0 536 
36 0 536 164 
37 536 164 0 
38 0 536 164 
39 0 546 154 
40 164 0 536 
41 536 0 164 
42 536 164 0 
43 536 164 0 
44 0 536 164 
45 0 536 164 
46 536 164 0 
47 164 536 0 
48 164 536 0 
49 536 0 164 
50 0 164 536 
51 0 164 536 
52 536 0 164 
53 0 164 536 
54 536 0 164 
55 0 536 164 
56 0 536 164 
57 0 536 164 
58 164 0 536 
59 164 536 0 
60 536 164 0 
61 536 164 0 
62 164 0 536 
63 0 164 536 
64 0 536 164 
65 536 164 0 
66 536 164 0 
67 0 164 536 
68 536 0 164 
69 536 0 164 
70 0 164 536 
71 536 164 0 
72 0 164 536 
73 536 164 0 
74 0 536 164 
75 536 0 164 
76 0 164 536 
77 164 536 0 
78 536 164 0 
79 164 536 0 
80 536 0 164 
81 0 164 536 
82 0 536 164 
83 0 164 536 
84 536 0 164 
85 0 164 536 
86 536 164 0 
87 0 0 700 
88 0 536 164 
89 536 0 164 
90 0 536 164 
91 164 536 0 
92 0 536 164 
93 0 164 536 
94 164 536 0 
95 0 536 164 
96 536 164 0 
97 0 164 536 
98 164 0 536 
99 164 536 0 
