0.07535523040761619
0.07565043395259853
0.07468047064728692
0.07321202442531269
0.0738501220167959
0.07489133026892315
0.07340916501023095
0.07604249941375296
0.07550265548365086
0.07489072509890231
0.07494556029665891
0.07502907067929197
0.07211118716447702
0.07453446921360311
0.07352456431428718
0.07368754300941135
0.07272098807244044
0.07550340662817637
0.07615432438827599
0.07435577049456386
0.0756588376006345
0.07471535145795927
0.07441224584777226
0.07652722162073854
0.07452146098474806
0.07459577525022917
0.07661840158809012
0.07447677080803553
0.07255191126316242
0.07411924714187203
0.07490422235746955
0.07509726707855104
0.07526160339386881
0.071497049749788
0.07374842483794972
0.07424337230525348
0.07574811020341313
0.07433343706093452
0.07159705205746264
0.07551450595888824
0.07297877368438016
0.07518291273498588
0.07240043409683321
0.07469940810681878
0.07484901260562786
0.07287385787984896
0.07278790094405996
0.07571570319436845
0.07606450636081583
0.07298326821884502
0.07481683155970803
0.07516756427994915
0.07240378442253662
0.07186812754212564
0.0751291358432716
0.0740296545492667
0.07485598030506939
0.07260636599459305
0.07401833078008241
0.07466947010714574
0.07609869358801255
0.07301362740825218
0.0727689791125519
0.07386193034996712
0.07504293479462934
0.07514115515038061
0.07285054034511056
0.07349589028808273
0.07432318096019006
0.07619359161330654
0.07315285497124147
0.07442083609735929
0.07390788033516621
0.07336529926642714
0.07643615631215238
0.07625322118218612
0.07398393813758064
0.07399005752038786
0.07362638721264944
0.07442771350931535
0.07234204746558448
0.07407254671458766
0.07316087605692172
0.07446688379534207
0.07402193149464646
0.0741584718225026
0.07358135937049652
0.07514760565729915
0.0760414698898325
0.0756936822731767
0.07640511974272658
0.07461400654094792
0.07624070184751783
0.0765485340135948
0.07451582366895146
0.07524777312268843
0.07481557972671928
0.0759080759291778
0.07353681370574376
0.07533267017971354
