0.06969729955723193
0.06996356778045917
0.0694015639051118
0.06769530291534896
0.06825971685615546
0.06914022547673905
0.06789566287312905
0.07036312820445911
0.06997810138403708
0.06930284899212248
0.06911357381843161
0.06976827714576832
0.06698187347540627
0.06919380253956868
0.06811013718051899
0.06827538520564512
0.06726743773776049
0.06990257280458427
0.07054760892805412
0.06890933351970753
0.0698488756198184
0.06922523848992435
0.06905177497202038
0.07098282413321876
0.06883769394946011
0.06900378172751362
0.07084735611635404
0.06875048393159008
0.06727810655466498
0.06883933123113606
0.0695289826598129
0.06953838357517649
0.07005333322852539
0.06614462867398183
0.06838051118144399
0.06887516702116
0.07006002402174845
0.06886690512879683
0.06627778957309108
0.06977972163883772
0.06770977164024984
0.06974492361354348
0.06707772338608896
0.06913220633527122
0.06935349254493549
0.06759809829341175
0.06733718498834868
0.0700691463989749
0.07068313540746428
0.0677528593251507
0.0694881607513737
0.06962046409487704
0.06685236610351793
0.06665343476541036
0.06939998601682454
0.0686460883432323
0.06947613375629093
0.06701930050686118
0.0685343238891436
0.06912423232015914
0.07076794062599186
0.06783107057537349
0.06730911192828182
0.06836688090447123
0.06956619645024786
0.06981341194635274
0.06728530915151698
0.06821678276852583
0.06858494417541429
0.07043728154702585
0.06770670645072883
0.06884182873400586
0.0684238776519634
0.06817428460588214
0.07059467411493378
0.07070317386420433
0.0683579551091065
0.06851081113219729
0.06814753989231316
0.06872130585700147
0.06706588357484129
0.0683476327286327
0.06774208694986085
0.06908505776935185
0.06839411015687963
0.06871326152494449
0.06780467227594869
0.06940844369234343
0.07071951197919867
0.0703137985936495
0.07091824479744739
0.06885143862730803
0.07068630221404493
0.07120335095400498
0.0689397105455942
0.06964436896793748
0.06946489735476509
0.07030745498228885
0.06811858647544802
0.0698786858862813
